11278	95	1	0	0.0029687499999997	0.0081160945595855	0.0535216812015501	0.020105930068521
11278	103	1	0	0.0327669270833334	0.0231136658031089	0.009826187015504	0.010627645102781
11278	170	1	0	0.0105859374999998	0.0154563363557859	0.0221808381782943	0.0166027433494562
11278	204	2	0	0.0108593749999999	0.0185260146804834	0.0269728076550389	0.0145795546150743
11278	267	3	0	0.0173632812500001	0.0270873812607944	0.0085770954457361	0.0053610565296254
11278	360	1	0	0.0246614583333334	0.0209817573402418	0.0069722020348838	0.0084076481257556
11277	135	1	0	0.0128125000000001	0.0128454231433507	0.0154206031976745	0.0134774284562676
11277	190	0	0	0.0129622395833333	0.0264194732297065	0.015746124031008	0.0081006272672307
11277	236	1	0	0.0087174479166666	0.0201586787564764	0.011559774709302	0.0067780758766628
11277	316	0	0	0.0109635416666667	0.0178108808290156	0.0182972989341086	0.0146897672309555
11276	209	1	0	0.00458984375	0.0080756152849741	0.0405765503875969	0.0195548669891174
11276	272	2	0	0.0288541666666663	0.0330850604490502	0.0082288638565893	0.0059278642684404
11276	316	1	0	0.0240559895833333	0.0300423683074267	0.0074566981589147	0.0066285016122527
11276	325	0	0	0.0112565104166664	0.0177164291882553	0.0167453972868217	0.0128082804312775
11274	233	0	0	0.0077408854166665	0.0259202288428326	0.0194706879844963	0.0075180748690043
11264	344	0	0	0.0153776041666668	0.0224255181347151	0.01156734496124	0.0105646664651352
11261	109	1	0	0.0181445312499998	0.0367281951640757	0.0095082364341083	0.0076912661225311
11261	323	0	0	0.0213020833333331	0.0345018350604493	0.0103031128875969	0.0065497783151957
11261	358	1	0	0.0218945312500002	0.0295903497409329	0.0080244670542632	0.0061955234784363
11259	261	0	0	0.0179296875	0.0366809693436962	0.0077140867248064	0.0079116913542929
11258	73	0	0	0.0134895833333334	0.0142621977547496	0.0170860586240307	0.0151699793430065
11258	106	0	0	0.0118164062499997	0.0109968696027635	0.0126271802325581	0.0162012545344621
11257	46	2	0	0.0104231770833332	0.0057345639032813	0.0195009689922483	0.0425341974002419
11257	123	0	0	0.0096028645833335	0.0120830634715024	0.0226047722868214	0.0189486976017733
11257	208	1	0	0.0037304687499999	0.0114353950777202	0.0391760537790695	0.0117927498992341
11257	237	0	0	0.0183268229166664	0.040135200777202	0.0096142199612401	0.0060144598952036
11257	264	0	0	0.0036393229166668	0.0055996329879103	0.0223246729651165	0.0128082804312779
11257	339	1	0	0.0066796874999999	0.0064159650259069	0.0328776041666663	0.0375982466747275
11257	348	0	0	0.0049414062500002	0.0062473013816926	0.0309017684108525	0.0323867644095122
11256	190	0	0	0.0314583333333332	0.015044797063903	0.0111207000968995	0.0158155103788793
11254	68	0	0	0.0295247395833335	0.0151932210708115	0.0076838057170539	0.0120446644498184
11254	128	2	0	0.0133984375000001	0.0086693113126078	0.0147998425387597	0.0248372002216847
11254	234	2	0	0.0047721354166666	0.009195541882556	0.0507055474806204	0.0284978335348647
11254	292	2	0	0.0059895833333333	0.0122854598445596	0.0299176356589147	0.014225299778315
11254	315	0	0	0.0068098958333335	0.0111992659758204	0.0330668604651163	0.0259944326884322
11252	88	0	0	0.0071744791666663	0.0124946027633849	0.0336421996124029	0.0224833736396612
11252	143	3	0	0.0074414062499999	0.0298129857512952	0.0271772044573641	0.0103678582224912
11252	252	0	0	0.0158723958333335	0.0144511010362694	0.0123925024224808	0.0158627443571143
11252	334	0	0	0.0105989583333332	0.0121910082037995	0.0191527374031007	0.0203342276299878
11252	401	0	0	0.0094401041666665	0.0148828799654575	0.0142623546511625	0.0109740276098347
11249	1	1	0	0.0036653645833331	0.0049856973229707	0.0424539728682172	0.0353703773679967
11249	210	1	0	0.0273828125000001	0.0225604490500864	0.0096974927325578	0.0108716873236595
11248	42	0	0	0.0109765625000001	0.0073672279792745	0.0148982558139532	0.0227667775090692
11248	67	0	0	0.0169986979166668	0.0247395833333333	0.0077973594961242	0.0068882884925434
11248	297	0	0	0.0122786458333331	0.0329433829879101	0.0094930959302324	0.0064553103587262
11248	327	0	0	0.0388216145833335	0.0076573294473228	0.0057761022286822	0.0198776325070537
11247	3	0	0	0.0123828124999998	0.0308856865284973	0.0102804021317827	0.0079982869810561
11247	179	0	0	0.0074544270833333	0.0092899935233159	0.0261627906976743	0.0221999697702541
11246	157	0	0	0.019915364583333	0.0199225496545767	0.014088238856589	0.0147684905280127
11246	201	0	0	0.0121875000000001	0.0226009283246979	0.0133993459302323	0.0106670067513096
11246	202	0	0	0.0237760416666669	0.0180942357512955	0.0092735586240307	0.0114306227327689
11246	353	1	0	0.0066471354166668	0.0110373488773748	0.0320675872093023	0.0186495490729544
11242	71	0	0	0.0034635416666666	0.0077517810880826	0.0590706758720928	0.0138710449415558
11242	154	0	0	0.0256249999999997	0.0226414075993093	0.0073280038759692	0.0086516903466341
11242	274	0	0	0.0069270833333333	0.006625107944732	0.0253754844961237	0.0373463321241434
11239	78	1	0	0.0033268229166666	0.0117794689119169	0.0408187984496124	0.0120210474607013
11239	150	2	0	0.0038671874999998	0.0039872085492225	0.048775133236434	0.0336463371624345
11239	319	1	0	0.0267122395833331	0.0293407275474959	0.0052310440891471	0.0069119054816607
11239	342	0	0	0.03095703125	0.0130815522452505	0.0115673449612406	0.0183740175332525
11238	157	0	0	0.0267708333333333	0.0246113989637307	0.0062227470930235	0.005896374949617
11238	255	0	0	0.0072786458333335	0.009667800086356	0.0207803415697672	0.0212946518540907
11238	271	2	0	0.0223242187499997	0.0238557858376512	0.0088571947674419	0.0076912661225309
11237	127	1	0	0.0298307291666667	0.0280656303972365	0.0036185804263563	0.0074472239016525
11237	262	2	0	0.0091015625	0.0065441493955097	0.0140958091085272	0.0313554892180571
11236	190	0	0	0.010345052083333	0.0144511010362695	0.0200308866279067	0.0143591293833128
11236	262	1	0	0.0062630208333332	0.0069152094127804	0.0241642441860465	0.0442503652760984
11236	387	0	0	0.0025846354166667	0.0032315954231435	0.0091524345930233	0.0083053078395805
11234	100	0	0	0.0210872395833333	0.0167516731433503	0.0084786821705425	0.0106040281136641
11234	242	0	0	0.0030794270833335	0.0033935125215892	0.0316285125968989	0.0322057008262797
11234	309	1	0	0.0112109375	0.0111318005181348	0.0255420300387597	0.0205467805320433
11234	319	0	0	0.0167578125	0.0139451101036269	0.0113250968992251	0.0141465764812573
11234	387	1	0	0.0104882812499998	0.0199765220207253	0.0177143895348834	0.012587855199516
11233	124	1	0	0.0065559895833333	0.0120763169257341	0.040447856104651	0.0223731610237807
11232	80	0	0	0.0071549479166668	0.0075291450777205	0.018062621124031	0.0305446392583632
11232	215	3	0	0.02474609375	0.0238018134715026	0.00574582122093	0.0057468006852077
11231	3	0	0	0.0050455729166668	0.0085343803972363	0.0371169452519377	0.0280648554010478
11231	16	0	0	0.0217838541666665	0.0274516947322968	0.0061091933139536	0.0059987152357923
11231	246	0	0	0.0098046875	0.0107000215889466	0.0269652374031011	0.0239712439540508
11229	153	0	0	0.006966145833333	0.0052488126079445	0.0256101623062014	0.029151236900443
11228	386	1	0	0.0084765624999997	0.0061798359240071	0.0188574975775196	0.0299384698710198
11227	20	2	0	0.0127539062499998	0.0186811852331603	0.0239749878875968	0.0200744407496974
11227	206	0	0	0.0167708333333334	0.0126767594991367	0.0077822189922478	0.0085178607416366
11227	392	1	0	0.0207291666666665	0.0420916990500863	0.0099246002906973	0.0054161628375652
11226	45	1	0	0.0066406249999998	0.0055861398963733	0.0240279796511625	0.0390546276702939
11226	46	1	0	0.0049348958333332	0.0030359455958548	0.0191830184108529	0.0394324994961709
11226	144	2	0	0.0049804687500002	0.0050599093264251	0.0442556928294575	0.0311429363160015
11224	133	1	0	0.0137499999999998	0.0122112478411055	0.0157839752906978	0.0188857189641277
11224	227	0	0	0.0185611979166664	0.018269645941278	0.008698219476744	0.0092972213825069
11221	33	1	0	0.0133268229166665	0.0118401878238343	0.0135961724806198	0.0166893389762195
11221	62	2	0	0.0042447916666666	0.0050464162348878	0.0361328124999997	0.0172246573962114
11221	240	1	0	0.0146679687499999	0.0260619063039721	0.0124379239341086	0.0085965840386941
11219	347	0	0	0.0231640624999999	0.0232688363557859	0.0062530281007751	0.0078644573760578
11218	38	0	0	0.01259765625	0.0149166126943003	0.0130056928294573	0.0116746649536476
11218	69	0	0	0.0150651041666665	0.0287200453367875	0.0120442708333334	0.0094861572954457
11218	91	0	0	0.0088997395833334	0.0297927461139894	0.0174721414728682	0.0084391374445787
11218	397	1	0	0.0080403645833335	0.0095800949913643	0.0222111191860466	0.019893377166465
11217	171	0	0	0.01130859375	0.0236736291018999	0.0133085029069767	0.0076991384522369
11217	235	1	0	0.0300651041666668	0.0217238773747843	0.0039213905038761	0.0050304186819832
11217	292	0	0	0.0183203125	0.0330108484455959	0.0102274103682168	0.0083446694881098
11216	84	2	0	0.0100455729166668	0.0141542530224526	0.0111207000968994	0.006935522470778
11214	25	0	0	0.0091406249999999	0.0093102331606219	0.0209166061046509	0.0249789021563887
11214	42	0	0	0.022649739583333	0.036465079879102	0.0087739219961238	0.0051170143087466
11214	109	0	0	0.0133658854166668	0.0127847042314335	0.018145893895349	0.0211608222490932
11213	57	1	0	0.0122005208333335	0.006490177029361	0.0169346535852715	0.0521148226521563
11213	220	0	0	0.0127018229166667	0.0277417962003454	0.0122865188953485	0.0078802020354699
11212	38	1	0	0.0074674479166665	0.0166572215025907	0.013740007267442	0.009265732063684
11212	199	1	0	0.0200390625	0.0122382340241795	0.0085695251937982	0.0120053028012894
11212	212	0	0	0.0092968750000002	0.0179390651986181	0.0210907218992245	0.0120525367795242
11212	376	1	0	0.01314453125	0.0176759499136444	0.0138157097868215	0.0115250906892385
11212	392	1	0	0.006848958333333	0.0064834304835921	0.0282900314922482	0.0265612404272474
11211	20	2	0	0.0132942708333332	0.0108551921416237	0.0143531976744187	0.0137372153365578
11211	316	0	0	0.0108398437500002	0.0088784542314334	0.0144667514534882	0.0184291238411929
11209	219	0	0	0.0052604166666665	0.010673035405872	0.0365794573643413	0.0186180597541313
11209	221	0	0	0.0059830729166665	0.0161309909326423	0.0588132873062016	0.0236563507658205
11209	378	0	0	0.0136653645833333	0.0272897776338516	0.0157007025193796	0.0106119004433695
11208	118	1	0	0.0271354166666668	0.0180807426597581	0.0083272771317829	0.0114463673921802
11208	256	0	0	0.0200781250000001	0.0281600820379965	0.0046935562015501	0.0044478662837562
11208	356	1	0	0.0175455729166667	0.0233363018134712	0.0104242369186048	0.0092263704151552
11207	9	0	0	0.0064322916666669	0.0090066386010361	0.0247698643410851	0.0157052977629987
11207	362	2	0	0.0074934895833331	0.0179660513816923	0.0188196463178295	0.0135246624345023
11206	121	0	0	0.0154947916666665	0.0085613665803108	0.010560501453488	0.0198067815397014
11206	337	2	0	0.0130924479166663	0.0448173035405869	0.0118625847868217	0.007218926340185
11204	85	0	0	0.00359375	0.0063754857512955	0.0367838541666669	0.0212631625352677
11204	87	0	0	0.0035677083333335	0.006537402849741	0.0378588299418606	0.0209010353688027
11204	211	1	0	0.0212434895833336	0.0230934261658031	0.0108254602713179	0.009171264107215
11204	254	1	0	0.0126757812499999	0.0117727223661485	0.0167983890503872	0.0196178456267632
11204	399	0	0	0.0176692708333331	0.0242943113126077	0.0099624515503874	0.0101001990124951
11203	46	1	0	0.0068554687500001	0.0089459196891193	0.0353833575581395	0.0202240150141071
11203	101	1	0	0.0196223958333332	0.0129466213298791	0.0109163032945737	0.0117218989318825
11203	305	1	0	0.0159440104166669	0.0103087219343697	0.0104847989341082	0.0179016777509072
11202	133	2	0	0.0087955729166667	0.0103019753886009	0.0203866884689921	0.0166499773276904
11202	377	0	0	0.01609375	0.0333549222797929	0.0180247698643408	0.0094940296251511
11199	271	1	0	0.0039257812500001	0.0055254209844559	0.0387596899224807	0.0332763376662635
11198	6	0	0	0.0070377604166665	0.0058425086355788	0.0250802446705424	0.0360867593712214
11198	28	0	0	0.0034244791666663	0.0078867120034539	0.0387672601744186	0.0194210373841193
11198	133	0	0	0.0139583333333332	0.0176624568221072	0.0177749515503875	0.015107000705361
11198	141	0	0	0.004921875	0.0128319300518134	0.0455199249031008	0.0130759396412734
11198	222	0	0	0.0069466145833335	0.012373164939551	0.0272301962209301	0.0207593334340993
11198	332	0	0	0.02259765625	0.0111655332469777	0.0105377906976744	0.0141859381297864
11198	363	0	0	0.0203059895833335	0.0121572754749567	0.0228545906007752	0.0436678128778716
11198	396	0	0	0.0058138020833335	0.0041558721934367	0.0174645712209299	0.0459114268440148
11197	119	1	0	0.0086328124999997	0.0114893674438686	0.0266094355620157	0.0240499672511082
11197	126	0	0	0.0028385416666663	0.0034137521588944	0.0349821342054264	0.0298203849254333
11197	277	1	0	0.0097070312499997	0.0098701964594128	0.0154281734496127	0.0174214656388551
11197	313	0	0	0.0075716145833334	0.0186069732297061	0.0284414365310075	0.0133121095324465
11197	389	1	0	0.0052213541666669	0.0053500107944734	0.0209771681201547	0.0415344115276097
11196	7	0	0	0.0082096354166666	0.0074212003454231	0.0110601380813954	0.0121076430874646
11196	87	0	0	0.0027734374999997	0.0050261765975817	0.0659217538759692	0.019617845626763
11196	91	1	0	0.0270247395833332	0.0127577180483593	0.0091372940891474	0.0127374294639258
11196	156	1	0	0.0097265625000002	0.0170687607944735	0.0178052325581397	0.0117140266021767
11196	270	1	0	0.0083593750000002	0.0090268782383422	0.025897831879845	0.0220189061870213
11194	8	3	0	0.0327343749999998	0.0187891299654577	0.0067450944767438	0.0093916893389764
11194	121	0	0	0.0082421875	0.0083657167530222	0.0155947189922483	0.0264982617896007
11193	23	0	0	0.0125390625	0.003373272884283	0.0086603682170544	0.0259944326884319
11193	36	1	0	0.0159375000000002	0.0391704447322968	0.0099851623062017	0.0056365880693266
11193	246	0	0	0.0058072916666668	0.0030899179620034	0.0150118095930235	0.0696858625554211
11193	287	2	0	0.0224348958333331	0.01755451208981	0.008743640988372	0.0103363689036677
11193	328	0	0	0.011953125	0.017635470639033	0.0176311167635658	0.0143591293833131
11192	62	0	0	0.0228906250000001	0.0162052029360965	0.0107270469961237	0.008502116082225
11192	238	2	0	0.0061393229166664	0.0083252374784111	0.02824460998062	0.0250969871019751
11192	278	1	0	0.0064388020833334	0.0083117443868737	0.0270787911821708	0.0218850765820235
11191	150	2	0	0.016015625	0.0269794365284974	0.0077746487403103	0.0052665885731562
11191	169	0	0	0.0130924479166665	0.0152539399827287	0.0204321099806199	0.0221055018137846
11191	189	0	0	0.0162695312500002	0.0379965457685664	0.0106286337209305	0.0064946720072548
11189	14	1	0	0.0163867187499997	0.0248610211571677	0.0119155765503877	0.0088957325675129
11188	6	1	0	0.0054427083333331	0.0074346934369602	0.0319313226744187	0.0237744357114064
11188	41	3	0	0.0107031250000001	0.0202801165803111	0.0277071220930232	0.0156265744659408
11188	188	1	0	0.0194075520833336	0.0386239745250434	0.007184169089147	0.0065025443369612
11188	291	0	0	0.0128580729166665	0.0105920768566496	0.0168059593023252	0.0188069956670695
11188	389	1	0	0.0178450520833335	0.0342859455958549	0.0046708454457365	0.0055421201128578
11187	110	0	0	0.0122721354166666	0.0256031411917097	0.0149739583333336	0.0094231786577989
11187	375	2	0	0.014915364583333	0.0205702180483595	0.0119307170542635	0.0128240250906892
11186	50	0	0	0.0114257812499997	0.0234712327288427	0.0165410004844962	0.0100923266827895
11186	79	1	0	0.0055468750000002	0.0057682966321244	0.0378891109496121	0.0255929438734378
11186	90	0	0	0.00466796875	0.0053297711571676	0.0304929748062015	0.0364410142079804
11186	204	2	0	0.0159114583333331	0.0262643026770291	0.0084332606589149	0.0081478612454657
11186	205	0	0	0.0044986979166668	0.0097824913644213	0.0507509689922477	0.0175001889359132
11186	298	0	0	0.0129166666666665	0.0347716968911919	0.0096899224806204	0.0058727579604999
11186	299	1	0	0.0255338541666665	0.0325318436960278	0.0076005329457364	0.007423606912535
11186	375	1	0	0.0163281250000001	0.0305820919689119	0.0071084665697676	0.0058963749496173
11186	404	0	0	0.0303971354166669	0.024881260794473	0.0050872093023252	0.0071559477025392
11183	82	1	0	0.0307161458333335	0.0388735967184798	0.017131480135659	0.0146031716041916
11183	211	0	0	0.0118684895833332	0.0178108808290154	0.0068662185077521	0.0057389283555021
11183	250	1	0	0.0088997395833332	0.015409110535406	0.0154963057170539	0.0143276400644904
11183	328	0	0	0.0189192708333334	0.0131827504317787	0.0134599079457362	0.0207435887746873
11182	35	0	0	0.0052408854166665	0.0062675410189981	0.020409399224806	0.0219559275493755
11182	126	0	0	0.0093554687500002	0.0221961355785836	0.0309850411821703	0.0158312550382911
11182	169	0	0	0.0488541666666668	0.023619656735751	0.0150875121124031	0.0229163517734787
11182	261	1	0	0.0153320312500002	0.016711193868739	0.0117868822674416	0.0155478511688837
11182	395	0	0	0.0187369791666665	0.0292057966321244	0.0099927325581397	0.0076046704957675
11181	71	1	0	0.0541861979166664	0.182284920120898	0.0501150678294576	0.0281357063683999
11179	77	2	0	0.0071809895833333	0.0089526662348878	0.0360495397286824	0.0265769850866584
11179	352	1	0	0.010540364583333	0.0193558398100174	0.0276768410852715	0.0143512570536071
11178	108	0	0	0.0128320312499999	0.0331997517271156	0.0113780886627908	0.0086989243248691
11178	123	1	0	0.0113151041666669	0.0241728734887738	0.0162154796511629	0.009061051491334
11178	143	0	0	0.0106119791666664	0.0115163536269429	0.0182972989341085	0.0201689087061669
11178	299	0	0	0.0201757812500001	0.0276675841968911	0.0079336240310079	0.0062978637646113
11178	336	2	0	0.0194856770833332	0.0190724848877371	0.0140201065891473	0.014193810459492
11177	74	1	0	0.0458593749999998	0.0518202180483592	0.0432261385658913	0.0459901501410724
11177	121	1	0	0.0046679687499999	0.0099511550086357	0.0443162548449612	0.0174765719467953
11177	342	0	0	0.0137174479166664	0.0131085384283246	0.0132630813953487	0.0156029574768239
11176	41	1	0	0.0101627604166669	0.0204487802245251	0.0228621608527133	0.0114463673921802
11176	114	0	0	0.0196419270833335	0.0212313795336789	0.0078352107558137	0.0117376435912941
11176	219	1	0	0.0096679687499999	0.0191399503454232	0.0211210029069768	0.0147684905280126
11176	339	0	0	0.003274739583333	0.0052757987910188	0.0467690164728684	0.0276791112454657
11174	202	0	0	0.0049544270833334	0.0032248488773748	0.0225214995155037	0.0614120440346637
11174	209	1	0	0.0069335937499997	0.0119548791018997	0.0248531371124028	0.0186023150947201
11174	322	2	0	0.0057486979166669	0.0060583981001728	0.0218023255813955	0.0277499622128171
11173	142	0	0	0.0076171874999998	0.0045336787564765	0.0171541908914731	0.0225857139258361
11173	289	0	0	0.0743229166666667	0.3092684045768565	0.0953246124031008	0.04638376662636
11173	326	0	0	0.0113411458333331	0.0195514896373059	0.018865067829457	0.0135955134018544
11172	91	0	0	0.0071028645833333	0.0256233808290155	0.0243080789728682	0.0085021160822252
11172	197	1	0	0.0072395833333332	0.0136617551813469	0.0126120397286818	0.0101474329907294
11172	213	0	0	0.0062239583333331	0.0060786377374781	0.0136491642441857	0.0167995515921
11171	25	0	0	0.0149088541666665	0.0172239313471505	0.0104923691860466	0.0110291339177751
11171	276	0	0	0.0088151041666668	0.0106123164939548	0.0248304263565893	0.0171931680773878
11171	370	0	0	0.0039778645833334	0.0044122409326425	0.0341191254844959	0.0339061240427245
11169	36	1	0	0.0246158854166669	0.0128251835060448	0.0107497577519377	0.0181693369609029
11169	56	0	0	0.0096744791666668	0.0382933937823833	0.0129072795542638	0.00654190598549
11169	264	1	0	0.0045833333333332	0.0089256800518137	0.0316133720930229	0.0176418908706166
11168	198	2	0	0.0047656250000001	0.0046618631260793	0.0342781007751939	0.0351814414550587
11168	357	0	0	0.0149153645833332	0.0223310664939548	0.0125590479651163	0.0098797737807332
11167	99	0	0	0.0033593749999997	0.0122112478411053	0.0476471656976743	0.0189014636235386
11167	209	0	0	0.0090690104166669	0.0132974417098442	0.0077746487403099	0.0053374395405079
11167	264	2	0	0.00517578125	0.0076640759930912	0.035012415213178	0.0251914550584443
11166	99	2	0	0.0225065104166667	0.0205972042314335	0.0111434108527129	0.0100372203748485
11166	205	3	0	0.01404296875	0.0182898855785836	0.0173737281976746	0.0154376385530029
11164	208	1	0	0.0077278645833335	0.0175005397236613	0.023763020833333	0.0111393465336556
11164	330	0	0	0.0031901041666666	0.0045943976683939	0.0550054505813953	0.0344335701330106
11163	171	0	0	0.0058203124999999	0.0056063795336789	0.0302280159883724	0.0407314338976221
11162	389	1	0	0.014173177083333	0.014329663212435	0.0141942223837211	0.013823810963321
11161	110	0	0	0.0284440104166667	0.0262305699481863	0.0074037063953488	0.0064159487101971
11161	121	2	0	0.0150065104166668	0.0154226036269427	0.0103333938953488	0.0122178557033457
11161	309	0	0	0.0165429687500001	0.0122247409326422	0.0120139898255813	0.0169018918782748
11159	142	0	0	0.0069791666666668	0.0123664183937822	0.0374576065891475	0.0225306076178958
11159	171	0	0	0.0327734374999998	0.0159218480138169	0.0096066497093023	0.0143118954050786
11158	301	1	0	0.01658203125	0.0098162240932641	0.0142093628875971	0.0200823130794037
11158	342	1	0	0.005384114583333	0.0178446135578581	0.0373062015503872	0.0105961557839577
11158	343	1	0	0.0037760416666664	0.0057952828151984	0.0380707969961241	0.0329063381700927
11157	61	0	0	0.0206054687500002	0.0104369063039721	0.0488886870155038	0.1588163794840787
11157	87	0	0	0.0077148437499998	0.0192681347150261	0.0191073158914726	0.0105882834542521
11157	312	0	0	0.0076302083333333	0.0105448510362694	0.0249136991279069	0.0220267785167272
11156	340	0	0	0.0086718750000002	0.0148086679620036	0.01062863372093	0.007565308847239
11156	348	0	0	0.0042317708333334	0.0063147668393779	0.0320070251937986	0.0298597465739617
11153	48	2	0	0.0118164062499999	0.0052690522452504	0.0084635416666663	0.0316231484280533
11152	341	0	0	0.01591796875	0.022034218480138	0.018115612887597	0.0134223221483274
11151	15	0	0	0.0037369791666664	0.0070703799654576	0.0498652495155035	0.0192950801088272
11151	53	0	0	0.0095182291666667	0.0219802461139893	0.0133009326550386	0.0083446694881093
11151	74	0	0	0.0155078124999997	0.0272492983592399	0.0101895591085269	0.0073763729343006
11151	80	2	0	0.0159765625	0.0182561528497411	0.0131495276162791	0.0137450876662637
11151	181	1	0	0.0114648437499999	0.0190859779792748	0.0132630813953489	0.0109189213018944
11151	214	2	0	0.0168489583333335	0.0208670660621763	0.0116279069767439	0.0112023251713022
11151	218	0	0	0.0271549479166664	0.0243955094991364	0.0076156734496121	0.0106827514107213
11151	396	1	0	0.0124934895833332	0.0335910513816927	0.012627180232558	0.0069355224707776
11149	105	1	0	0.0129361979166665	0.0074077072538857	0.0124227834302323	0.0182874219064895
11149	128	0	0	0.0066341145833332	0.0042165911053541	0.0191603076550389	0.0316074037686413
11149	258	2	0	0.0102604166666666	0.0100928324697753	0.0135204699612404	0.0124225362756955
11149	307	1	0	0.0210026041666666	0.0238962651122625	0.0073128633720928	0.0084863714228131
11149	371	1	0	0.0109049479166663	0.0304404145077717	0.011749031007752	0.0068331821846032
11148	378	0	0	0.0159570312500002	0.0208468264248707	0.0090918725775196	0.0088091369407496
11147	202	1	0	0.0044466145833331	0.0093507124352328	0.0312499999999998	0.0169018918782752
11147	208	1	0	0.0037239583333331	0.0093304727979275	0.0647332243217057	0.0186810383917775
11146	77	0	0	0.0103125	0.0179390651986184	0.0164728682170545	0.0170750831318013
11146	152	1	0	0.0052213541666667	0.0041626187392053	0.0216887718023253	0.0359214404474002
11144	28	0	0	0.0142122395833332	0.0393660945595855	0.0103788154069769	0.0079431806731153
11144	372	0	0	0.00724609375	0.024166126943005	0.0222111191860464	0.0083919034663443
11143	150	0	0	0.0314257812500002	0.0191264572538858	0.006964631782946	0.0106197727730751
11143	180	0	0	0.0077018229166668	0.0158813687392057	0.0258448401162787	0.0179095500806128
11142	77	0	0	0.021796875	0.027168339810017	0.0089858890503878	0.0081872228939946
11142	165	0	0	0.0051627604166669	0.0115500863557857	0.0488735465116276	0.0136899813583235
11142	330	0	0	0.0057682291666668	0.0180605030224528	0.0275481468023254	0.0086595626763402
11141	28	1	0	0.0068424479166668	0.0066655872193436	0.0249364098837209	0.0264903894598954
11141	232	0	0	0.0194661458333332	0.0325385902417962	0.0065558381782948	0.0059672259169689
11138	230	0	0	0.0185677083333334	0.0089121869602762	0.0129451308139535	0.0340950599556628
11138	320	0	0	0.0176106770833331	0.0141205202936094	0.0071311773255813	0.0067150972390165
11138	352	0	0	0.0067708333333333	0.014316170120898	0.0272150557170545	0.0142252997783155
11137	278	2	0	0.0119856770833334	0.0194300518134716	0.0081910125968989	0.0059436089278517
11136	151	0	0	0.0055013020833333	0.0112869710708119	0.0357694404069766	0.0154218938935914
11136	202	1	0	0.0061002604166666	0.0103424546632126	0.0228015988372092	0.014973171100363
11136	315	2	0	0.0148046874999999	0.0207253886010363	0.0103182533914725	0.0064395656993147
11134	294	1	0	0.0109244791666665	0.0139181239205528	0.0167681080426357	0.0150046604191858
11134	326	2	0	0.0110026041666667	0.0236061636442144	0.0183275799418605	0.0103127519145507
11133	219	2	0	0.0285091145833332	0.0130410729706388	0.0041333575581398	0.0097223271866183
11133	301	2	0	0.0167187499999999	0.0132704555267702	0.0107573280038761	0.0195076330108825
11132	107	0	0	0.003684895833333	0.0052218264248702	0.0578670058139534	0.0310720853486497
11132	292	0	0	0.0207291666666668	0.0232553432642484	0.0098413275193798	0.0084706267634017
11132	360	0	0	0.0072395833333335	0.0256503670120897	0.0170633478682173	0.0068253098548973
11129	336	1	0	0.0051822916666669	0.0043717616580309	0.0341796874999999	0.0428884522370011
11128	39	0	0	0.00609375	0.0084736614853193	0.0392063347868214	0.0224755013099554
11128	125	2	0	0.0040885416666664	0.0066116148531949	0.0409096414728679	0.0213969921402657
11128	221	0	0	0.0115364583333335	0.0281128562176166	0.0082212936046508	0.0050304186819833
11128	339	0	0	0.0038346354166666	0.007468426165803	0.0229681443798451	0.0108953043127771
11128	383	2	0	0.0213411458333333	0.0224659974093262	0.0090994428294575	0.0086280733575169
11127	4	0	0	0.0177604166666665	0.027950939119171	0.0092129966085272	0.0076833937928253
11127	120	1	0	0.0257877604166668	0.0268175194300518	0.0048903827519381	0.0050304186819828
11127	157	0	0	0.0071484375	0.0196391947322968	0.0297435198643408	0.0099978587263199
11127	367	0	0	0.0055859375000002	0.0074684261658029	0.0274194525193796	0.0208065674123336
11126	206	0	0	0.0057096354166666	0.0064901770293606	0.0242929384689925	0.0254118802902057
11126	264	0	0	0.0274023437499999	0.0172441709844561	0.0084408309108529	0.0093287107013299
11126	335	1	0	0.0055468750000002	0.0030629317789291	0.0140201065891473	0.0630573609431682
11126	397	1	0	0.0089322916666665	0.0183168717616579	0.0203185562015502	0.0109740276098349
11124	62	0	0	0.0187630208333336	0.0321607836787562	0.0052461845930234	0.0047233978234585
11124	167	1	0	0.0072265624999998	0.0092899935233161	0.0238008720930235	0.0224361396614269
11124	340	0	0	0.0133398437499999	0.0409245466321244	0.0105302204457361	0.0059278642684399
11123	89	1	0	0.0070442708333334	0.0077382879965458	0.0252089389534886	0.028159323357517
11123	131	0	0	0.0162044270833334	0.028274773316062	0.0100078730620154	0.008588711708988
11123	139	0	0	0.0158463541666669	0.0370317897236612	0.0089404675387595	0.005030418681983
11123	268	0	0	0.0065885416666664	0.0126902525906732	0.0247395833333333	0.010659134421604
11123	272	0	0	0.0118098958333331	0.0404927677029363	0.0178809350775191	0.0070850967351875
11122	50	0	0	0.00552734375	0.0171632124352332	0.0342175387596902	0.0128555144095119
11122	62	1	0	0.0238085937500002	0.0245304404145076	0.009326550387597	0.0099899863966144
11122	85	1	0	0.0234244791666665	0.0137899395509497	0.0092508478682168	0.0157918933897625
11122	165	0	0	0.0165364583333335	0.0104503993955097	0.0124984859496124	0.0234831595122931
11122	274	1	0	0.0176367187499999	0.0398248596718482	0.0078352107558142	0.0056680773881498
11122	287	1	0	0.0179947916666664	0.0253872517271158	0.0098186167635661	0.008730413643692
11119	365	0	0	0.0164453125000002	0.0239502374784113	0.0093114098837209	0.0078723297057637
11118	3	1	0	0.015149739583333	0.0139586031951639	0.0114083696705427	0.0152723196291819
11118	4	3	0	0.0088736979166665	0.0200642271157166	0.0237554505813955	0.0110133892583637
11118	45	1	0	0.0041601562499999	0.0088379749568221	0.0448461724806204	0.0201216747279325
11118	70	1	0	0.0089322916666668	0.0401082145941275	0.0091978561046509	0.0061168001813784
11118	181	1	0	0.0186393229166667	0.0255154360967185	0.0163290334302323	0.010422964530431
11117	99	0	0	0.0154361979166668	0.0318639356649392	0.0131116763565893	0.0090531791616281
11117	116	1	0	0.018821614583333	0.0175545120898099	0.0085846656976745	0.0079982869810557
11117	125	0	0	0.0029947916666664	0.008156573834197	0.0381692102713179	0.0156187021362352
11117	301	1	0	0.0034309895833335	0.0034339917962004	0.0252846414728679	0.0278680471584039
11116	38	0	0	0.0152213541666665	0.0430159758203801	0.0097126332364343	0.0064631826884324
11116	271	0	0	0.018880208333333	0.0171429727979275	0.016117066375969	0.0147527458686016
11116	285	1	0	0.0271223958333334	0.0179795444732299	0.0073734253875972	0.0094310509875052
11116	291	0	0	0.0052018229166665	0.0069354490500865	0.0329154554263567	0.0186810383917775
11114	155	0	0	0.00318359375	0.005849255181347	0.0301523134689922	0.0126823231559852
11114	158	0	0	0.0102669270833331	0.0309059261658033	0.007222020348837	0.0050461633413947
11114	182	0	0	0.0043098958333336	0.0081565738341968	0.032779190891473	0.0219480552196694
11114	256	1	0	0.0064257812500002	0.0094384175302246	0.0289410731589144	0.0149810434300686
11112	268	0	0	0.0079492187499999	0.0088649611398963	0.019107315891473	0.0173112530229742
11111	121	0	0	0.0129036458333334	0.0216968911917099	0.0127483042635661	0.0093916893389764
11111	173	1	0	0.0306510416666667	0.0199158031088083	0.0066996729651161	0.0086202010278111
11111	248	1	0	0.0169401041666667	0.0137494602763384	0.0143607679263567	0.0145323206368398
11108	95	0	0	0.0211458333333335	0.0134728518998271	0.0075248304263568	0.0153038089480046
11108	211	0	0	0.0043489583333336	0.0042368307426598	0.0234299297480623	0.0454941933696089
11108	216	0	0	0.0116210937500002	0.0102952288428326	0.0163744549418605	0.0230344367190646
11107	52	0	0	0.0133789062499997	0.0227291126943006	0.0137929990310079	0.0093365830310357
11107	223	0	0	0.0173242187499999	0.0225334628670122	0.0107346172480617	0.0104623261789604
11107	298	0	0	0.0033398437500001	0.005242066062176	0.0442329820736436	0.0182008262797262
11107	324	1	0	0.00595703125	0.0543569192573401	0.0162911821705427	0.0050540356711
11106	226	1	0	0.0237434895833332	0.0245641731433503	0.0042469113372093	0.0057389283555017
11106	272	1	0	0.0079101562499999	0.0066048683074268	0.0254966085271319	0.0370078219467959
11106	309	1	0	0.0273502604166666	0.0255761550086353	0.0075324006782947	0.008722541313986
11106	360	0	0	0.0149934895833334	0.0316412996545766	0.007426417151163	0.0064710550181377
11104	80	1	0	0.0177018229166665	0.0170080418825559	0.0124606346899222	0.0114778567110038
11104	355	0	0	0.0122330729166664	0.0168326316925733	0.0103712451550389	0.0102104116283759
11104	396	1	0	0.0250520833333335	0.0202666234887739	0.0097202034883719	0.0097853058242643
11103	9	0	0	0.0144986979166666	0.0413360859240066	0.008289425872093	0.0058019069931478
11103	12	0	0	0.0036979166666667	0.006773531951641	0.0626211240310074	0.0199957174526403
11103	59	1	0	0.0044205729166665	0.0089459196891193	0.0427189316860462	0.0180906136638449
11103	191	0	0	0.0169596354166664	0.0278429943868736	0.0085316739341084	0.0061797788190247
11101	143	0	0	0.006302083333333	0.0067195595854924	0.0265110222868217	0.0320482542321647
11101	330	0	0	0.0202734374999997	0.0135335708117445	0.009258418120155	0.0102261562877871
11099	103	0	0	0.0046223958333335	0.0051746006044904	0.0268668241279073	0.0383618626561868
11099	176	0	0	0.0065169270833331	0.0095126295336786	0.0211210029069766	0.0171144447803305
11099	213	1	0	0.0061848958333334	0.0069084628670121	0.0193949854651164	0.0294897470777912
11098	97	1	0	0.0194466145833335	0.0193558398100174	0.0101592781007749	0.0102655179363161
11098	271	0	0	0.0229817708333331	0.0246383851468046	0.0078352107558137	0.0090059451833937
11098	319	0	0	0.0092578125000001	0.0183978303108806	0.018690952034884	0.0124461532648125
11097	74	4	0	0.0086718749999997	0.0196661809153711	0.0195236797480621	0.0127453017936316
11097	186	0	0	0.0036132812500002	0.0044999460276338	0.0361403827519376	0.0360395253929865
11097	310	0	0	0.0301757812499998	0.0236061636442138	0.0062833091085271	0.0068253098548973
11097	381	2	0	0.00822265625	0.0148963730569946	0.0256480135658914	0.0155635958282953
11096	296	0	0	0.0113281249999997	0.0310138708981003	0.0145197432170544	0.0072267986698911
11094	114	2	0	0.0068880208333332	0.0126700129533678	0.0265110222868214	0.01360338573156
11094	287	0	0	0.0161979166666666	0.0300626079447325	0.0072523013565891	0.0073370112857716
11093	37	1	0	0.0233854166666666	0.0176354706390325	0.0057609617248062	0.0072661603184202
11093	74	0	0	0.0168945312499999	0.0225537025043175	0.0070554748062017	0.0072267986698908
11093	169	1	0	0.0155729166666669	0.0142891839378239	0.0104469476744184	0.0132491308948005
11093	205	0	0	0.0070963541666664	0.0148761334196889	0.0212194161821707	0.0138395556227326
11093	266	0	0	0.0112825520833334	0.0117997085492229	0.0173737281976741	0.0173506146715034
11092	14	0	0	0.0283984374999998	0.0125688147668391	0.0081985828488373	0.0163901904474002
11092	80	0	0	0.0110807291666665	0.0148356541450776	0.0217720445736433	0.0167601899435709
11092	140	1	0	0.0199934895833331	0.0151797279792744	0.0093265503875972	0.0107299853889562
11091	224	1	0	0.0080989583333332	0.0123664183937821	0.0300009084302325	0.0188463573155988
11091	265	1	0	0.0066080729166665	0.0108686852331607	0.0348534399224806	0.0213340135026202
11089	30	1	0	0.0048242187499998	0.0248812607944729	0.0683063832364339	0.0150361497380086
11089	53	0	0	0.0127213541666669	0.0261765975820381	0.0135053294573641	0.0097223271866183
11089	59	1	0	0.0155729166666669	0.013196243523316	0.0039062499999998	0.0044951002619913
11089	144	1	0	0.0205794270833334	0.0198280980138169	0.0113326671511627	0.0122572173518742
11089	353	0	0	0.0136523437499998	0.0141340133851467	0.0111585513565889	0.0123438129786373
11088	87	0	0	0.0201562499999999	0.0210694624352329	0.0080925993217055	0.0085808393792825
11088	333	1	0	0.0119986979166665	0.02150798791019	0.0083726986434109	0.0078250957275294
11088	364	1	0	0.0069140624999998	0.0059504533678755	0.0185471172480621	0.0331818697097942
11087	56	0	0	0.0111914062499997	0.0212516191709846	0.0170633478682173	0.0113282824465943
11087	315	0	0	0.0269140625	0.0167786593264249	0.0112115431201552	0.012532748891576
11086	13	1	0	0.013216145833333	0.0263722474093265	0.0117111797480621	0.0085336054010479
11086	203	1	0	0.0063281249999998	0.0059234671848011	0.0287518168604648	0.0265691127569528
11084	11	1	0	0.0034960937499997	0.004182858376511	0.0170633478682173	0.0132018969165659
11084	88	1	0	0.0067773437500001	0.0128521696891188	0.0356104651162792	0.0135955134018538
11083	153	0	0	0.0226692708333332	0.023666882556131	0.0082742853682167	0.0081636059048768
11082	20	3	0	0.020247395833333	0.0352911809153712	0.0079033430232559	0.0072110540104796
11082	138	0	0	0.0217252604166665	0.0211234348013815	0.0078806322674418	0.0084942437525194
11082	252	0	0	0.0042773437500002	0.0072727763385145	0.0548616157945737	0.0199799727932287
11081	107	0	0	0.004309895833333	0.0133784002590672	0.0428703367248061	0.0121233877468762
11081	134	0	0	0.0065559895833335	0.0080958549222795	0.0314771075581392	0.0277499622128177
11081	206	1	0	0.0019986979166665	0.0045539183937824	0.035141109496124	0.0184684854897217
11081	285	0	0	0.0053450520833332	0.0240109563903278	0.0229605741279072	0.0059121196090287
11079	269	1	0	0.0169596354166666	0.0173858484455957	0.0127407340116278	0.0116353033051188
11079	361	0	0	0.0057617187499998	0.0177838946459414	0.0494261749031007	0.0110763678960093
11077	216	0	0	0.0217122395833334	0.0128386765975819	0.0083272771317829	0.0135089177750906
11077	301	3	0	0.016458333333333	0.0128251835060451	0.0109995760658913	0.01386317261185
11076	25	0	0	0.0106640624999998	0.01600280656304	0.0083726986434108	0.0066914802498991
11076	112	0	0	0.0114453124999997	0.0151797279792748	0.0169043725775194	0.0155872128174126
11076	369	0	0	0.011243489583333	0.013277202072539	0.011658187984496	0.0126114721886332
11074	159	2	0	0.0159895833333333	0.0188768350604491	0.0178582243217052	0.0158233827085853
11074	395	0	0	0.0045572916666664	0.0072188039723659	0.0503497456395348	0.0214442261185006
11073	75	0	0	0.0050781249999999	0.0048777525906738	0.0300311894379844	0.0540907774083033
11073	139	2	0	0.0164127604166666	0.0366472366148533	0.0110525678294573	0.008998072853688
11073	193	0	0	0.0145638020833334	0.0342117335924007	0.0066088299418604	0.005589354091092
11073	203	0	0	0.0169661458333332	0.018660945595855	0.0093038396317828	0.0094782849657397
11073	219	0	0	0.004856770833333	0.0086490716753025	0.0207500605620153	0.0204759295646918
11073	356	0	0	0.0108984375	0.0110373488773744	0.0147847020348835	0.0154218938935913
11072	13	0	0	0.0075325520833335	0.0071041126943004	0.0071311773255814	0.0083761588069325
11072	57	1	0	0.0019205729166669	0.0049047387737478	0.044074006782946	0.0252701783555018
11072	62	2	0	0.0229231770833334	0.0283287456822104	0.007275012112403	0.0070693520757756
11072	127	0	0	0.0086979166666668	0.01129371761658	0.0287820978682171	0.017893805421201
11072	279	4	0	0.0093880208333333	0.030811474525043	0.0394183018410855	0.0107142407295446
11072	322	0	0	0.0084765625	0.0065778821243523	0.02046996124031	0.0259393263804916
11071	141	0	0	0.01310546875	0.0074144537996546	0.0094703851744182	0.0167208282950421
11071	160	0	0	0.0166861979166665	0.0238018134715028	0.0128845687984494	0.0111708358524787
11071	246	1	0	0.0166992187500001	0.0247665695164076	0.0099094597868215	0.0082502015316403
11071	391	2	0	0.0084049479166667	0.0305011334196892	0.0218174660852714	0.008824881600161
11069	82	0	0	0.0427994791666667	0.0158746221934371	0.005851804748062	0.0101238160016119
11069	284	1	0	0.0132617187500002	0.0230124676165801	0.0124000726744187	0.0105804111245463
11068	92	0	0	0.0053059895833335	0.0142689443005181	0.0308714874031009	0.0158706166868197
11068	98	1	0	0.0129622395833333	0.0066925734024179	0.0161322068798446	0.0304108096533654
11068	152	2	0	0.0049544270833333	0.0065239097582037	0.0454290818798448	0.0311980426239417
11068	180	0	0	0.005950520833333	0.010848445595855	0.026813832364341	0.019554866989117
11068	247	0	0	0.0180338541666666	0.0442033678756477	0.0104620881782949	0.0055342477831517
11068	277	1	0	0.0089388020833336	0.0111925194300518	0.0253981952519383	0.0182008262797259
11068	284	0	0	0.0211979166666668	0.0201586787564765	0.004360465116279	0.0048493550987501
11068	365	1	0	0.0238867187499999	0.0221016839378236	0.0063892926356588	0.008305307839581
11067	194	1	0	0.0232161458333333	0.0350820379965457	0.008402979651163	0.0072897773075376
11067	247	0	0	0.0116015625	0.0221893890328152	0.0156098594961242	0.0125327488915758
11067	273	1	0	0.0043098958333332	0.0249824589810015	0.0066239704457364	0.0026372304514308
11067	308	0	0	0.0117643229166668	0.0170282815198617	0.004822250484496	0.0042038240628776
11066	106	0	0	0.0217773437500001	0.0245844127806561	0.0054354408914725	0.006518288996372
11066	118	2	0	0.0189518229166667	0.0040141947322968	0.0033157703488371	0.0157840210600564
11066	140	0	0	0.0346940104166664	0.0168798575129536	0.0084484011627908	0.0077306277710602
11066	342	0	0	0.0141015625000001	0.0069017163212435	0.013808139534884	0.0354176113462311
11066	360	2	0	0.0068294270833331	0.0084399287564765	0.0281386264534883	0.0232391172914145
11064	178	0	0	0.0271158854166669	0.0189308074265976	0.0053521681201547	0.0058176516525594
11063	86	1	0	0.0108268229166663	0.0096543069948184	0.0169346535852713	0.018106358323257
11062	0	0	0	0.0202734375000001	0.0139923359240069	0.0085392441860464	0.0128004081015716
11062	235	3	0	0.0057161458333335	0.0095126295336786	0.0348685804263565	0.0154455108827086
11062	257	0	0	0.0161523437500002	0.011496113989637	0.0141715116279068	0.0168310409109232
11062	265	0	0	0.0033007812499997	0.0064092184801381	0.0453685198643411	0.0212867795243856
11062	294	1	0	0.0076562499999999	0.0269322107081176	0.0152767684108529	0.0075416918581213
11062	373	0	0	0.0047591145833333	0.0083927029360967	0.0267002785852715	0.0166106156791619
11061	201	1	0	0.0093229166666667	0.0089526662348879	0.022862160852713	0.0202161426844016
11059	41	0	0	0.0248177083333331	0.0179795444732296	0.0081531613372093	0.0105174324869007
11059	96	0	0	0.0251367187499997	0.024449481865285	0.0037472747093023	0.0043691429866991
11059	170	0	0	0.0247981770833335	0.0193356001727118	0.0070857558139532	0.0084076481257555
11059	171	0	0	0.0110026041666669	0.0252793069948189	0.0183881419573644	0.0121155154171708
11059	238	0	0	0.0106315104166667	0.0208198402417961	0.0206819282945733	0.0143984910318417
11058	156	0	0	0.0081835937500002	0.0109833765112259	0.0265564437984494	0.0199957174526399
11058	170	1	0	0.0081966145833335	0.0082847582037994	0.018948340600775	0.0229950750705358
11058	341	0	0	0.0082096354166668	0.0316817789291882	0.0197280765503872	0.0102182839580813
11058	396	1	0	0.0031901041666668	0.0047765544041449	0.025216509205426	0.0243884774284565
11057	94	0	0	0.0074739583333332	0.0101602979274611	0.0182594476744185	0.01592572299476
11057	112	1	0	0.0049609374999999	0.0069017163212436	0.0065936894379842	0.0040621221281743
11057	194	2	0	0.0029752604166669	0.008109348013817	0.0466554626937985	0.0103442412333734
11056	48	0	0	0.0076888020833334	0.0097622517271154	0.0054657218992248	0.0055893540910924
11056	276	0	0	0.0083007812500001	0.0151257556131261	0.0273286094961243	0.019594228637646
11056	290	0	0	0.0171354166666666	0.0289291882556131	0.0056322674418602	0.0048257381096334
11056	354	0	0	0.0113671874999998	0.0188768350604488	0.0110677083333335	0.0107614747077792
11056	377	0	0	0.0298437499999999	0.0333886550086356	0.0067526647286819	0.0087933922813384
11053	46	0	0	0.0140820312500001	0.0263317681347149	0.0089253270348835	0.0078565850463523
11053	68	0	0	0.0052669270833334	0.0086693113126078	0.0327564801356589	0.0172325297259171
11053	278	0	0	0.0043489583333333	0.0103357081174437	0.0375560198643409	0.0151778516727126
11053	373	0	0	0.0047526041666665	0.004634876943005	0.0202579941860468	0.0241759245264004
11052	55	0	0	0.0216406250000002	0.0146130181347151	0.0081985828488372	0.0108401980048366
11052	123	3	0	0.0119335937499998	0.019376079447323	0.0186001090116277	0.0114070057436517
11052	222	0	0	0.0097200520833335	0.0076843156303971	0.0102728318798451	0.0144929589883111
11052	236	1	0	0.0056705729166669	0.0112802245250431	0.0324915213178295	0.0136506197097946
11052	331	0	0	0.0196744791666666	0.0120830634715025	0.0116884689922481	0.0219952891979041
11052	353	1	0	0.0047330729166666	0.0069961679620032	0.0359511264534882	0.0218850765820237
11052	366	0	0	0.0286653645833332	0.0129533678756474	0.0056246971899222	0.0107614747077791
11051	98	1	0	0.0108919270833333	0.0202463838514681	0.0092432776162787	0.0071480753728337
11051	252	0	0	0.0191145833333332	0.0138506584628671	0.006714813468992	0.0090138175130997
11048	9	2	0	0.0045963541666669	0.0050868955094988	0.0312954215116277	0.0201374193873434
11048	328	0	0	0.0206380208333332	0.0205837111398965	0.008705789728682	0.009336583031036
11048	334	1	0	0.0065559895833335	0.0131894969775474	0.0282900314922483	0.0168310409109228
11047	24	1	0	0.0117708333333333	0.0131625107944733	0.0120442708333333	0.0141387041515514
11047	47	0	0	0.0060156249999999	0.007441439982729	0.0195842417635656	0.0149652987706566
11047	56	1	0	0.0075585937500001	0.0093304727979274	0.0255723110465113	0.0240893288996374
11047	84	1	0	0.0217838541666663	0.0215821999136441	0.0060259205426359	0.0047076531640464
11047	121	0	0	0.0123763020833335	0.0213865500863559	0.0180929021317829	0.012918493047158
11046	193	0	0	0.030266927083333	0.0198955634715027	0.0057306807170542	0.0069276501410724
11046	368	3	0	0.0049153645833332	0.0049182318652848	0.0059047965116277	0.0061719064893186
11044	55	0	0	0.0219335937499997	0.0224929835924009	0.0060789123062017	0.0074708408907698
11044	66	1	0	0.003528645833333	0.0055591537132986	0.0337557533914727	0.0150991283756547
11043	100	0	0	0.0053906249999997	0.007380721070812	0.0314998183139536	0.0289544286577993
11043	123	1	0	0.0069270833333336	0.0140058290155442	0.0289713541666666	0.014886575473599
11043	255	0	0	0.0231705729166669	0.0265544041450776	0.0069949127906976	0.0054240351672713
11043	321	0	0	0.0090690104166669	0.0075156519861832	0.0074112766472867	0.007958925332527
11042	53	0	0	0.0194466145833333	0.0201451856649398	0.0098337572674416	0.0105016878274892
11041	229	1	0	0.0144140625	0.0106932750431777	0.0111055595930235	0.0153982769044738
11041	319	1	0	0.0051367187500002	0.0053972366148534	0.0238538638565892	0.0373778214429668
11039	94	0	0	0.0187239583333331	0.0137629533678757	0.0074037063953489	0.0090610514913339
11039	178	0	0	0.013509114583333	0.0114353950777201	0.0034141836240313	0.0040857391172913
11039	241	0	0	0.0102734375000002	0.0215821999136445	0.0171466206395347	0.0096829655380897
11038	216	0	0	0.0117447916666668	0.0268849848877376	0.0100608648255812	0.0051170143087464
11036	153	0	0	0.0157421875	0.0492227979274611	0.009281128875969	0.0070693520757758
11036	402	0	0	0.0230924479166665	0.0211639140759931	0.0057609617248058	0.006227012797259
11031	74	0	0	0.0135156249999997	0.0321675302245251	0.0103485343992246	0.0074708408907695
11031	96	0	0	0.0051106770833333	0.0059841860967185	0.0349367126937987	0.018964442261185
11031	101	1	0	0.0078515624999997	0.0177636550086353	0.0187666545542636	0.0094467956469165
11031	218	2	0	0.0059830729166665	0.0133851468048361	0.0287669573643413	0.0144850866586055
11031	378	0	0	0.0069466145833334	0.0120155980138168	0.0274043120155042	0.0170042321644496
11027	11	0	0	0.0098111979166664	0.0146332577720204	0.0162230499031005	0.0137529599959693
11027	56	1	0	0.0073893229166665	0.0069152094127805	0.0260643774224804	0.0265533680975412
11026	83	0	0	0.0055989583333334	0.0059571999136444	0.0343386627906974	0.0418965386940748
11022	20	0	0	0.0147395833333335	0.0162052029360965	0.0118474442829459	0.0116195586457071
11017	6	3	0	0.01873046875	0.0356285082037998	0.005776102228682	0.0052114822652156
11015	24	0	0	0.0051822916666666	0.00969478626943	0.0309017684108527	0.0195469946594116
11014	32	0	0	0.0034049479166667	0.0086490716753022	0.0385023013565892	0.0238216696896413
11010	20	1	0	0.0216927083333335	0.0149638385146807	0.012559047965116	0.0153116812777105
11010	42	0	0	0.0223958333333334	0.0332334844559587	0.0066239704457366	0.0066521186013703
11007	80	3	0	0.0059765624999999	0.0086355785837648	0.043279130329457	0.0220818848246677
11005	80	0	0	0.0176106770833333	0.0390085276338517	0.0105605014534882	0.0078172233978233
11002	58	1	0	0.0173697916666663	0.0294756584628673	0.0134523376937985	0.0102104116283753
11001	68	0	0	0.0327539062499999	0.029927677029361	0.006820796996124	0.0072346709995967
10995	41	0	0	0.0230078125000001	0.0269322107081172	0.0063514413759687	0.0063450977428453
10986	54	0	0	0.0218554687499999	0.040728896804836	0.0088344840116281	0.0069827564490124
10986	61	0	0	0.0084765624999997	0.0143633959412782	0.026389898255814	0.0162169991938734
10981	17	0	0	0.0190690104166664	0.0384013385146807	0.0061848958333333	0.0055736094316809
10981	25	0	0	0.0122005208333331	0.029711787564767	0.011181262112403	0.0056995667069732
10977	6	1	0	0.0230078125000001	0.0316682858376508	0.0118777252906978	0.0079667976622326
10977	21	0	0	0.0113346354166667	0.0273437500000001	0.0138611312984495	0.0079353083434095
10975	9	1	0	0.0047330729166667	0.0052892918825561	0.031355983527132	0.0306469795445382
10975	50	0	0	0.0109049479166669	0.0070231541450774	0.0171617611434111	0.0257897521160821
10974	72	1	0	0.0042447916666664	0.0162524287564765	0.0358754239341086	0.0132491308948008
10971	31	1	0	0.0091731770833331	0.0151055159758204	0.0229000121124031	0.0159099783353484
10966	5	1	0	0.0067252604166664	0.0057210708117446	0.0234450702519377	0.0227589051793633
10964	69	0	0	0.0156119791666666	0.0208805591537132	0.0112948158914725	0.0080140316404674
10959	24	1	0	0.0213932291666665	0.0165560233160619	0.0094779554263562	0.0098561567916162
10959	75	1	0	0.0102473958333333	0.0042165911053542	0.0108406007751937	0.0351420798065297
10950	53	2	0	0.0074283854166664	0.0125755613126077	0.022559350775194	0.0173663593309147
10946	17	0	0	0.0245572916666666	0.0335033462867011	0.0070630450581396	0.0064159487101975
10945	11	0	0	0.0069921875000001	0.0127104922279795	0.0343462330426358	0.0142567890971384
10945	40	1	0	0.0079492187499998	0.0089391731433504	0.0206365067829454	0.0195548669891172
10944	44	3	0	0.0048502604166666	0.0026446459412781	0.0113856589147285	0.0240578395808141
10942	58	0	0	0.0299804687499997	0.0250836571675304	0.0075929626937982	0.0096121145707374
10940	52	0	0	0.005052083333333	0.0053972366148531	0.0251483769379845	0.0551063079403463
10939	20	2	0	0.0046549479166665	0.0088042422279794	0.0393577398255815	0.0156816807738812
10937	18	0	0	0.0112565104166664	0.0087367767702938	0.0166999757751936	0.0307650644901251
10937	22	0	0	0.0047265625000001	0.0115163536269428	0.033210695251938	0.0170593384723902
10936	36	0	0	0.0029882812500002	0.0066520941278066	0.0297132388565892	0.0181614646311969
10935	5	1	0	0.0050455729166667	0.004135632556131	0.0197205062984494	0.0371967578597341
10935	32	0	0	0.008984375	0.0070838730569945	0.0066921027131782	0.0064946720072547
10934	17	2	0	0.0097916666666667	0.0183236183074266	0.0208787548449609	0.0109740276098348
10930	10	0	0	0.0040494791666669	0.0110710816062173	0.0383660368217051	0.0138001939742042
10929	10	2	0	0.0033984374999998	0.0048170336787566	0.0527116642441859	0.016122531237404
10927	26	1	0	0.0084375000000002	0.0289696675302244	0.0277828246124029	0.0097774334945589
10926	30	0	0	0.0226171875000002	0.0130680591537132	0.0072295906007753	0.0110842402257153
10922	20	0	0	0.0017382812500001	0.0056670984455961	0.0712739219961242	0.0095097742845624
10921	21	0	0	0.0226236979166663	0.0221556563039723	0.0053143168604652	0.0065340336557839
10921	55	1	0	0.004934895833333	0.0090538644214164	0.0328321826550386	0.0160438079403468
10917	7	1	0	0.0106575520833336	0.0169473229706392	0.0173510174418602	0.0133042372027407
10916	1	0	0	0.0166861979166667	0.0255761550086352	0.0110979893410855	0.0091633917775088
10915	38	2	0	0.004388020833333	0.0019295120898097	0.0106513444767441	0.0220661401652559
10912	49	0	0	0.01984375	0.03294338298791	0.0088647650193796	0.0068725438331316
10909	3	0	0	0.0020377604166667	0.0064159650259069	0.0285095687984498	0.0132176415759776
10909	61	0	0	0.0078515624999998	0.0209952504317789	0.0280629239341087	0.0121155154171702
10907	9	0	0	0.0214518229166669	0.0245034542314335	0.009258418120155	0.0090059451833941
10902	26	1	0	0.0071093749999999	0.0155238018134713	0.0395772771317831	0.0167838069326882
10901	66	0	0	0.0037499999999997	0.0134391191709841	0.0426356589147288	0.0108401980048371
11599	18	0	0	0.0116934895833339	0.008669041450777	0.0659547601744178	0.0839004559653373
11599	326	0	0	0.0287083333333338	0.0259018782383408	0.2161697553294582	0.2483534235187432
11599	392	0	0	0.0188291666666674	0.0848777525906731	0.04125726744186	0.0178352352881906
11600	312	0	0	0.0151236979166666	0.049943329015543	0.2077807049418605	0.0272552650141081
11600	373	0	0	0.0179643229166657	0.0067848661485328	0.0171172480620161	0.2137192664248296
11601	99	0	0	0.0313653645833344	0.0210019969775475	0.0543341206395338	0.0790237051592109
11603	96	0	0	0.0110830729166659	0.0165770725388607	0.079992429748063	0.0384138200322456
11603	278	0	0	0.0106489583333342	0.0424587111398958	0.3102667756782945	0.0329419211003628
11604	167	0	0	0.0395062500000007	0.044105408031088	0.1006819282945746	0.1077800660016122
11605	277	0	0	0.0093736979166656	0.02628670120898	0.2745924176356591	0.042537661225312
11606	234	0	0	0.0383604166666674	0.0319249244386876	0.1431434714147297	0.2056564263401851
11607	237	0	0	0.0563471354166662	0.0385713514680493	0.0485271317829471	0.0690034890165245
11608	231	0	0	0.0058106770833334	0.0327922603626948	0.1224781976744179	0.0118443923821043
11609	357	0	0	0.0064776041666664	0.014506962435232	0.2297423086240312	0.0596388804917358
11611	192	0	0	0.0474039062500011	0.0672905872193441	0.0320503270348849	0.0287654927448609
11617	230	0	0	0.3163169270833322	0.0341469667530219	0.033209484011627	0.264871775493752
11617	356	0	0	0.0109856770833328	0.1501805375647661	0.1795563832364351	0.0226833308141872
11619	12	0	0	0.1758966145833344	0.0226384391191712	0.0221723594961233	0.1144315548166057
11619	401	0	0	0.0351015625000004	0.1027423359240063	0.3809653585271317	0.0957842099959705
11620	84	0	0	0.0195354166666673	0.0060894322107086	0.0281528585271311	0.2523106862152347
11621	170	0	0	0.1043218749999992	0.0444421955958544	0.1247653221899224	1.9593816127569517
11622	300	0	0	0.0861726562500005	0.0285853842832471	0.0180862403100782	0.0300159335953235
11623	223	0	0	0.0750434895833342	0.0145050734024179	0.0230641351744196	0.1374033277912129
11625	278	0	0	0.1187182291666672	0.0126611075129542	0.0122341327519384	0.0700971130592517
11627	41	0	0	0.0129749999999998	0.1277941493955103	0.2125015140503882	0.025075574365174
11627	127	0	0	0.0465861979166673	0.0241151230569945	0.0869746245155038	0.644189905783959
11629	177	0	0	0.0125372395833344	0.0272563147668395	0.1274403464147279	0.0429548946997175
11629	273	0	0	0.220297656250001	1.005872733160622	0.1688078367248053	0.087027345324465
11630	175	0	0	0.0137255208333345	0.1087786053540592	0.0359438590116281	0.0162229821644484
11630	186	0	0	0.0092895833333327	0.0919254641623491	0.0199739583333332	0.0068294034663443
11630	218	0	0	0.0174770833333332	0.0895255829015536	0.0507670179263572	0.0177480098750502
11630	299	0	0	0.0238747395833341	0.0496991040587224	0.0901226380813944	0.0433670898831104
11631	271	0	0	0.0326054687500009	0.0113973445595847	0.0325230135658923	0.4063762721684795
11632	137	0	0	0.0106937500000002	0.0046667206390339	0.0265267684108531	0.1262633514711802
11633	134	0	0	0.0331731770833328	0.1095164075993089	0.0799082485465119	0.0392372657194691
11634	54	0	0	0.0076002604166661	0.0206911161485315	0.1018038396317822	0.0184127493954046
11635	304	0	0	0.0099653645833342	0.006211949481864	0.0077576913759676	0.0288624798468348
11636	198	0	0	0.0093510416666657	0.0586819948186532	0.0725844840116285	0.0097005995566318
11636	206	0	0	0.1148109374999998	0.2439791126943008	0.0569316254844957	0.0402405154171713
11640	99	0	0	0.043596614583333	0.0104045228842842	0.0110955668604661	0.0241034990931064
11640	112	0	0	0.0087302083333331	0.101108322538861	0.0243138323643397	0.0072664752116084
11640	240	0	0	0.015734374999999	0.0524846178756475	0.5564789244186055	0.0749848851269656
11640	387	0	0	0.0232046875000011	0.0245587759067367	0.0280950218023269	0.0247635152156396
11641	238	0	0	0.0137070312499995	0.0037427137305687	0.0076553415697688	0.0534298166062074
11642	94	0	0	0.2597934895833322	0.0428527094127796	0.023287609011629	0.0332133590286174
11642	321	0	0	0.0021632812499989	0.0038379749568215	0.0392457000969003	0.0080899208988319
11643	228	0	0	0.0122080729166674	0.0198510362694295	0.0416639413759697	0.0207045420193472
11645	397	0	0	0.0059276041666665	0.0170228842832479	0.2480435440891476	0.0331642356912521
11646	6	0	0	0.4003158854166668	0.0400253670120909	0.0297907582364354	0.0602009648327296
11646	48	0	0	0.0240739583333321	0.0295093911917098	0.0251102228682168	0.0207183973196279
11647	310	0	0	0.0796794270833321	0.0158589702072547	0.01481074370155	0.0219990679161627
11648	235	0	0	0.0335585937500004	0.0060945595854915	0.0166905886627893	0.1516919211003627
11649	77	0	0	0.018197135416667	0.0095860319516401	0.0359920058139529	0.2325609003426041
11651	119	0	0	0.1063468749999994	0.0619853734887748	0.0520902979651158	0.0773031287787188
11651	282	0	0	0.0314739583333328	0.0382127050949915	0.0329405886627896	0.0295961809754132
11652	101	0	0	0.0202369791666661	0.0233004101899836	0.1743958938953488	0.0902247707577589
11652	228	0	0	0.0238703124999999	0.0230030224525048	0.0641045906007749	0.0895587716646507
11653	2	0	0	0.2540601562500007	0.026658570811744	0.0242559956395355	0.1562827488915769
11653	151	0	0	0.0184304687499996	0.0068034866148528	0.0118171632751937	0.0675559250302294
11653	311	0	0	0.008255729166667	0.1164140759930908	0.0265464510658924	0.0126451657597729
11655	208	0	0	0.1027127604166675	0.0129522884283238	0.0066306322674411	0.0160261739218043
11656	112	0	0	0.0083075520833335	0.1082437392055258	0.0192281371124028	0.0122943747480867
11656	188	0	0	0.1068729166666675	0.0221974848877384	0.0450738856589151	0.3236487933293039
11657	43	0	0	0.0265322916666659	0.0086307210708106	0.0212021560077531	0.1703414701733172
11657	133	0	0	0.0193455729166665	0.1496448618307424	0.523714268410853	0.0438406892382101
11657	170	0	0	0.1085526041666675	0.0475383203799645	0.0174536700581398	0.0236591848045134
11658	135	0	0	0.1105343750000004	0.0401457253886013	0.0310286458333319	0.057759283051189
11658	205	0	0	0.0507286458333329	0.0111067033678745	0.0154660247093023	0.0700605854494161
11659	74	0	0	0.0211062499999996	0.0103575669257352	0.0144282945736429	0.152999042724708
11660	152	0	0	0.0311924479166674	0.0634922819516411	0.0214740794573651	0.0140247128174124
11661	198	0	0	0.0245567708333329	0.0560127914507768	0.0773928052325568	0.0324110111850065
11661	220	0	0	0.0160950520833343	0.0208719235751306	0.1169279917635671	0.0830474103184187
11663	58	0	0	0.0066304687499997	0.0046200345423133	0.0087781613372096	0.0047029297662227
11664	152	0	0	0.0471398437500008	0.0401932210708122	0.3037381904069773	0.6808063154977827
11664	229	0	0	0.0231033854166675	0.0114764140759934	0.0545860586240315	0.1839136814792424
11665	206	0	0	0.1103929687499993	0.0179927677029359	0.0161167635658912	0.0680553456267627
11665	267	0	0	0.0141125000000008	0.0089540155440424	0.0267148134689917	0.1823335474607002
11665	308	0	0	0.0186393229166666	0.0062575561312608	0.0055592902131775	0.0290989646311962
11666	85	0	0	0.0059466145833328	0.0135203475820381	0.1497277737403097	0.0372216344216051
11666	289	0	0	0.0231692708333323	0.0264208225388611	0.2912197189922478	0.2022612479846846
11667	232	0	0	0.0070611979166671	0.0050744818652857	0.029723534399224	0.0063189616082235
11667	379	0	0	0.016157031250001	0.012838406735751	0.0486736918604656	0.1183368601370415
11668	128	0	0	0.0080695312499999	0.0643903821243533	0.0427873667635661	0.012789071946796
11668	293	0	0	0.0429302083333337	0.0132890759930903	0.024585150193799	0.1451622959492144
11669	241	0	0	0.0211627604166671	0.3760770185664947	0.0406113735465121	0.0164689137444578
11670	234	0	0	0.125981250000001	0.0211738989637304	0.0286291787790686	0.156052561970979
11670	302	0	0	0.0243479166666658	0.1874573618307436	0.3762705910852703	0.0545697299476008
11671	10	0	0	0.0351880208333327	0.0079026338514673	0.0173885658914726	0.157014245767836
11671	148	0	0	0.0087044270833333	0.0184464054404155	0.1125987160852704	0.0211268137847652
11671	220	0	0	0.1074309895833328	0.0091450777202073	0.0112384932170546	0.0598271866183001
11672	33	0	0	0.0326927083333338	0.0831784326424872	0.1260783066860461	0.0584237076783549
11672	352	0	0	0.007530208333334	0.0072363449913649	0.0231607315891469	0.1140861169891175
11673	20	0	0	0.3074369791666658	0.0260055051813478	0.0264689316860461	0.1256436416767442
11673	180	0	0	0.0288510416666667	0.0214494278929179	0.0462445494186058	0.0796852957476835
11673	360	0	0	0.0200156249999995	0.0176001187392043	0.0603736676356595	0.373349644800484
11673	371	0	0	0.0134093750000008	0.0493628562176153	0.528115310077519	0.0464294261386525
11675	2	0	0	0.0099361979166676	0.0070644430051819	0.0332863977713178	0.0469823785771868
11675	90	0	0	0.0172520833333329	0.0102612262521586	0.0227346778100784	0.2077747128174125
11675	98	0	0	0.0103981770833341	0.1426235967184813	0.019001332364341	0.0073508665860525
11675	382	0	0	0.021155208333333	0.0968971286701207	0.0830735222868227	0.0209709416565893
11676	335	0	0	0.0168333333333338	0.0082939335060441	0.0160907218992249	0.2248542044538498
11677	86	0	0	0.0310916666666675	0.0189839702072532	0.0630895712209295	0.1749987404272476
11677	180	0	0	0.1015286458333323	0.0287648424006915	0.0190609859496117	0.0273440648931878
11677	208	0	0	0.0149932291666664	0.0184358808290162	0.0228333938953499	0.0289075095727531
11679	59	0	0	0.0795776041666672	0.0263266407599321	0.0229248425387584	0.0418937046553817
11679	151	0	0	0.0536479166666657	0.1292400690846286	0.0274285368217065	0.0203471382507061
11679	170	0	0	0.0184648437500009	0.02559963298791	0.2122414001937998	0.0865172183595326
11680	147	0	0	0.0369190104166654	0.0353856325561312	0.0132630813953488	0.0140089681580009
11680	195	0	0	0.026879687500001	0.0603351683937829	0.0235907218992261	0.018123992341799
11680	276	0	0	0.0695648437500007	0.0088800734024191	0.0114434956395356	0.0822438029020568
11681	74	0	0	0.0178062500000001	0.1098656088082912	0.5908066860465128	0.044958874949617
11681	252	0	0	0.0080859375	0.0319608160621754	0.3851283914728677	0.0366891500403064
11684	314	0	0	0.1096999999999996	0.0179530980138173	0.0118053536821702	0.0332892482869818
11688	175	0	0	0.0147354166666659	0.0060465241796212	0.0226199127906976	0.2997836683796867
11688	313	0	0	0.0351515624999989	0.007452234455959	0.0096893168604646	0.0234469467956463
11689	124	0	0	0.0343841145833328	0.0246302892918815	0.0803903221899238	0.204899423115678
11690	212	0	0	0.1496718750000005	0.0334410082037984	0.0146820494186043	0.0275487454655377
11690	300	0	0	0.0859044270833329	0.0443539507772011	0.0581958575581391	0.1172501637444576
11691	214	0	0	0.0142143229166657	0.0635932102763387	0.0636567344961229	0.0156070510882709
11693	350	0	0	0.010850520833334	0.0221699589810023	0.2098976501937992	0.0345176466142695
11696	98	0	0	0.0125088541666659	0.0170347582037994	0.1132576308139527	0.0590292472793217
11696	165	0	0	0.0301627604166666	0.0954104598445601	0.0192199612403093	0.0164153819024598
11697	6	0	0	0.0076854166666665	0.1117613881692584	0.0215355499030994	0.0092647873841185
11699	180	0	0	0.0117057291666666	0.0068733808290145	0.0337369791666667	0.0807738814993953
11699	366	0	0	0.0660151041666662	1.004119980569949	0.2013384205426356	0.0512951556831915
11701	218	0	0	0.0843966145833324	0.0448572430915367	0.0253064437984489	0.0357230577388138
11702	184	0	0	0.1381182291666664	0.017691062176167	0.0212169937015514	0.0916317135227743
11703	72	0	0	0.0371718750000004	0.0152784974093271	0.0145960513565896	0.024374937021361
11704	131	0	0	0.0172497395833336	0.0350137629533672	0.0698013565891471	0.036907056126563
11704	194	0	0	0.0183914062499996	0.1324854274611399	0.0533723958333321	0.0172130063482467
11705	235	0	0	0.0414307291666654	0.029616796200345	0.0579454336240302	0.1091158429060873
11705	242	0	0	0.0168765625000011	0.0092845962867022	0.0330844234496113	0.1733968787787189
11706	1	0	0	0.0205898437500004	0.2759191493955087	0.3369824975775196	0.0393890442361949
11706	70	0	0	0.0106026041666669	0.087568275043179	0.0523258842054265	0.0145710524989918
11706	137	0	0	0.1996088541666662	0.0364739853195155	0.0533051719961234	0.3245966218258773
11706	187	0	0	0.0499054687499999	0.0077212867012088	0.0112851259689934	0.0969546679766216
11707	163	0	0	0.4484729166666663	0.0283678756476673	0.0258191012596904	0.1165334668480446
11708	65	0	0	0.1942921874999989	0.0102148100172715	0.0016475896317837	0.0172570913945996
11708	88	0	0	0.0510367187500011	0.0111587867012089	0.0165089026162777	0.0853788794840786
11708	337	0	0	0.0274494791666678	0.0289693976683935	0.0128273376937981	0.0094216041918569
11708	385	0	0	0.0335861979166658	0.0227423359240067	0.0077325581395345	0.0070435308343422
11708	396	0	0	0.0239916666666672	0.0144497517271147	0.0533708817829461	0.2984979594921394
11711	31	0	0	0.0085130208333338	0.0296078907599314	0.4171484375000007	0.0713242518137854
11711	46	0	0	0.0515385416666657	0.0819834844559581	0.0181301477713173	0.0146050609633226
